HOOP,8,18,28,33,53,68,69,73,88,92,93,108,113,133,148,153,
GRIM,5,15,35,45,46,56,62,79,85,96,125,136,145,146,156,,
TM2,1,11,21,40,41,60,61,80,81,100,101,120,121,140,141,160,
TMM,9,19,32,39,52,76,89,109,112,128,129,132,149,152,155,159,
JC,4,14,24,37,44,57,64,77,84,97,104,117,124,137,144,157,
RUSS,3,13,23,38,43,58,63,78,83,98,103,118,123,138,143,158,
JUGS,2,12,22,29,42,48,49,59,82,99,102,105,119,122,139,142,
KAR,10,20,30,31,50,51,70,71,90,91,110,111,130,131,150,151,
YWK,7,17,27,34,36,47,54,67,74,87,94,107,114,127,134,147,154
RYSI,6,16,25,26,55,65,66,72,75,86,95,106,115,116,126,135
